# ======================================
# Code created by Leandro Marques
# Gesar Search Group
# State University of the Rio de Janeiro
# e-mail: marquesleandro67@gmail.com
# ======================================

# This code is used to assemble 
# the elementary arrays


# ------------------------------------------------------------------
# Use:
# linear = trielem.Linear(mesh.x, mesh.y, mesh.IEN)
# 
# for e in range(0,mesh.nelem):
#  linear.numerical(e)
#
#  for i in range(0,3):
#   ii = mesh.IEN[e][i]
#
#   for j in range(0,3):
#    jj = mesh.IEN[e][j]
#
#    K[ii][jj] += linear.kxx[i][j] + linear.kyy[i][j]
# ------------------------------------------------------------------


# Reference Analytic: Fundamentals of the Finite
#                     Element Method for Heat Transfer
#                     and Fluid Flow - Lewis, Nithiarasu,
#                     Seetharamu - pg. 196-200
#                     For Q_elem pg. 126
#                     For 1D pg. 193


import sys
import numpy as np

class Linear1D:
 def __init__(_self, _x, _IEN):
  _self.x = _x
  _self.IEN = _IEN
  _self.NUMNODE = 2  #Linear One-dimensional Element - 2 Nodes



 def GQNUM3(_self):
  _self.NUMGP = 3  #Number of Gauss Points


  #                                l1     
  _self.GQPoints = np.array([[-0.774596669], 
                             [ 0.000000000], 
                             [ 0.774596669]])


  #                                 w
  _self.GQWeights = np.array([[0.555555556], 
                              [0.888888889], 
                              [0.555555556]])



 
 def GQNUM4(_self):
  _self.NUMGP = 4  #Number of Gauss Points


  #                               l1     
  _self.GQPoints = np.array([[-0.861136], 
                             [-0.339981], 
                             [ 0.339981], 
                             [ 0.861136]])


  #                                w
  _self.GQWeights = np.array([[0.347855], 
                              [0.652145], 
                              [0.652145], 
                              [0.347855]])




 def GQNUM5(_self):
  _self.NUMGP = 5  #Number of Gauss Points


  #                               l1     
  _self.GQPoints = np.array([[-0.906180], 
                             [-0.538469], 
                             [ 0.000000], 
                             [ 0.538469], 
                             [ 0.906180]])


  #                                w
  _self.GQWeights = np.array([[0.236927], 
                              [0.478629], 
                              [0.568889], 
                              [0.478629], 
                              [0.236927]])





 def numerical(_self,_e):

  N = np.zeros([_self.NUMGP,_self.NUMNODE], dtype = float)

  dNdl1 = np.zeros([_self.NUMGP,_self.NUMNODE], dtype = float)
  
  dxdl1 = np.zeros([_self.NUMGP,1], dtype = float)

  J = np.zeros([1,1], dtype = float)
  jacobian = np.zeros([_self.NUMGP,1], dtype = float)
  
  dNdx = np.zeros([_self.NUMGP,_self.NUMNODE], dtype = float)


  # A loop is required for each pair of coordinates (l1,l2)
  for k in range(0,_self.NUMGP):
    
   # Area Coordinates
   L1 = (1.0/2.0)*(1.0 - _self.GQPoints[k][0])      #L1 = (1/2)*(1 - l1)
   L2 = (1.0/2.0)*(1.0 + _self.GQPoints[k][0])      #L2 = (1/2)*(1 + l1)

   # Shape Functions
   N[k][0] = L1  #N1 = L1
   N[k][1] = L2  #N2 = L2

   # Shape Functions Derivatives in respect to l1
   dNdl1[k][0] = -0.5   #dN1/dl1
   dNdl1[k][1] =  0.5   #dN2/dl1


   # Coordinate Transfomation
   # Lewis pag. 64 Eq. 3.108 for 1D
   for i in range(0,_self.NUMNODE):
    ii = _self.IEN[_e][i]
    
    dxdl1[k] += _self.x[ii]*dNdl1[k][i]   # dx/dl1 = x1*dN1/dl1 + x2*dN2/dl1 + x3*dN3/dl1 ...

   # Jacobian Matrix
   # Lewis pag. 64 Eq. 3.108
   J[0][0] = dxdl1[k]

   jacobian[k] = np.linalg.det(J)


   # Shape Functions Derivatives in respect to x
   # Lewis pag. 63 Eq. 3.107
   for i in range(0,_self.NUMNODE):
    dNdx[k][i] = (1.0/jacobian[k])*dNdl1[k][i]

 
  _self.mass = np.zeros([_self.NUMNODE,_self.NUMNODE], dtype = float)
  _self.kxx = np.zeros([_self.NUMNODE,_self.NUMNODE], dtype = float)
  _self.kxy = np.zeros([_self.NUMNODE,_self.NUMNODE], dtype = float)
  _self.kyx = np.zeros([_self.NUMNODE,_self.NUMNODE], dtype = float)
  _self.kyy = np.zeros([_self.NUMNODE,_self.NUMNODE], dtype = float)
  _self.gx = np.zeros([_self.NUMNODE,_self.NUMNODE], dtype = float)
  _self.gy = np.zeros([_self.NUMNODE,_self.NUMNODE], dtype = float)
  _self.dx = np.zeros([_self.NUMNODE,_self.NUMNODE], dtype = float)
  _self.dy = np.zeros([_self.NUMNODE,_self.NUMNODE], dtype = float)
  
  # Elementary Matrices 
  for k in range(0,_self.NUMGP): 
   for i in range(0,_self.NUMNODE):
    for j in range(0,_self.NUMNODE):
    
     _self.mass[i][j] += N[k][i]*N[k][j]*jacobian[k]*_self.GQWeights[k]
     _self.kx[i][j] += dNdx[k][i]*dNdx[k][j]*jacobian[k]*_self.GQWeights[k]
     _self.gx[i][j] += dNdx[k][i]*N[k][j]*jacobian[k]*_self.GQWeights[k]
     _self.dx[i][j] += dNdx[k][j]*N[k][i]*jacobian[k]*_self.GQWeights[k]
   



 def analytic(_self, _e):
  v1 = _self.IEN[_e][0]
  v2 = _self.IEN[_e][1]
  
  dx = _self.x[v2] - _self.x[v1]

  _self.kx = (1.0/dx)*np.array([[1,-1],[-1,1]])
  _self.mass = (dx/6.0)*np.array([[2,1],[1,2]])
  _self.gx = (1.0/2.0)*np.array([[-1,1],[-1,1]])








class Linear2D:
 def __init__(_self, _x, _y, _IEN, _GAUSSPOINTS):
  _self.x = _x
  _self.y = _y
  _self.IEN = _IEN
  _self.NUMNODE = 3  #Linear Triangle Element - 3 Nodes

  if _GAUSSPOINTS == 4:
   _self.NUMGP = 4  #Number of Gauss Points


   #                                 l1                 l2
   _self.GQPoints = np.array([[0.33333333333333, 0.33333333333333], 
                              [0.60000000000000, 0.20000000000000], 
                              [0.20000000000000, 0.60000000000000], 
                              [0.20000000000000, 0.20000000000000]])


   #                                    w
   _self.GQWeights = np.array([[-0.56250000000000], 
                               [0.520833333333333], 
                               [0.520833333333333], 
                               [0.520833333333333]])

   _self.polynomial_order = 'Linear Element'
   _self.gausspoints = 4

  else:
   print ""
   print " Error: Gauss Points not found"
   print ""
   sys.exit()




 def numerical(_self,_e):

  N = np.zeros([_self.NUMGP,_self.NUMNODE], dtype = float)

  dNdl1 = np.zeros([_self.NUMGP,_self.NUMNODE], dtype = float)
  dNdl2 = np.zeros([_self.NUMGP,_self.NUMNODE], dtype = float)
  
  dxdl1 = np.zeros([_self.NUMGP,1], dtype = float)
  dxdl2 = np.zeros([_self.NUMGP,1], dtype = float)
  dydl1 = np.zeros([_self.NUMGP,1], dtype = float)
  dydl2 = np.zeros([_self.NUMGP,1], dtype = float)

  J = np.zeros([2,2], dtype = float)
  jacobian = np.zeros([_self.NUMGP,1], dtype = float)
  
  dNdx = np.zeros([_self.NUMGP,_self.NUMNODE], dtype = float)
  dNdy = np.zeros([_self.NUMGP,_self.NUMNODE], dtype = float)


  # A loop is required for each pair of coordinates (l1,l2)
  for k in range(0,_self.NUMGP):
    
   # Area Coordinates
   L1 = 1.0 - _self.GQPoints[k][0] - _self.GQPoints[k][1]   #L1 = 1 - l1 - l2
   L2 = _self.GQPoints[k][0]                                #L2 = l1
   L3 = _self.GQPoints[k][1]                                #L3 = l2

   # Shape Functions
   N[k][0] = L1  #N1 = L1
   N[k][1] = L2  #N2 = L2
   N[k][2] = L3  #N3 = L3

   # Shape Functions Derivatives in respect to l1
   dNdl1[k][0] = -1.0   #dN1/dl1
   dNdl1[k][1] =  1.0   #dN2/dl1
   dNdl1[k][2] =  0.0   #dN3/dl1

   # Shape Functions Derivatives in respect to l2
   dNdl2[k][0] = -1.0   #dN1/dl2
   dNdl2[k][1] =  0.0   #dN2/dl2
   dNdl2[k][2] =  1.0   #dN3/dl2


   # Coordinate Transfomation
   # Lewis pag. 64 Eq. 3.108 for 1D
   # Lewis pag. 66 Eq. 3.121 for 2D
   for i in range(0,_self.NUMNODE):
    ii = _self.IEN[_e][i]
    
    dxdl1[k] += _self.x[ii]*dNdl1[k][i]   # dx/dl1 = x1*dN1/dl1 + x2*dN2/dl1 + x3*dN3/dl1 ...
    dydl1[k] += _self.y[ii]*dNdl1[k][i]   # dy/dl1 = y1*dN1/dl1 + y2*dN2/dl1 + y3*dN3/dl1 ...
    dxdl2[k] += _self.x[ii]*dNdl2[k][i]   # dx/dl2 = x1*dN1/dl2 + x2*dN2/dl2 + x3*dN3/dl2 ...
    dydl2[k] += _self.y[ii]*dNdl2[k][i]   # dy/dl2 = y1*dN1/dl2 + y2*dN2/dl2 + y3*dN3/dl2 ...

   # Jacobian Matrix
   # Lewis pag. 64 Eq. 3.114
   J[0][0] = dxdl1[k]
   J[0][1] = dydl1[k]
   J[1][0] = dxdl2[k]
   J[1][1] = dydl2[k]

   jacobian[k] = np.linalg.det(J)


   # Shape Functions Derivatives in respect to x and y
   # Lewis pag. 65 Eq. 3.116
   for i in range(0,_self.NUMNODE):
    dNdx[k][i] = (1.0/jacobian[k])*( dNdl1[k][i]*dydl2[k] - dNdl2[k][i]*dydl1[k])
    dNdy[k][i] = (1.0/jacobian[k])*(-dNdl1[k][i]*dxdl2[k] + dNdl2[k][i]*dxdl1[k])

 
  _self.mass = np.zeros([_self.NUMNODE,_self.NUMNODE], dtype = float)
  _self.kxx = np.zeros([_self.NUMNODE,_self.NUMNODE], dtype = float)
  _self.kxy = np.zeros([_self.NUMNODE,_self.NUMNODE], dtype = float)
  _self.kyx = np.zeros([_self.NUMNODE,_self.NUMNODE], dtype = float)
  _self.kyy = np.zeros([_self.NUMNODE,_self.NUMNODE], dtype = float)
  _self.gx = np.zeros([_self.NUMNODE,_self.NUMNODE], dtype = float)
  _self.gy = np.zeros([_self.NUMNODE,_self.NUMNODE], dtype = float)
  _self.dx = np.zeros([_self.NUMNODE,_self.NUMNODE], dtype = float)
  _self.dy = np.zeros([_self.NUMNODE,_self.NUMNODE], dtype = float)
  
  # Elementary Matrices 
  for k in range(0,_self.NUMGP): 
   for i in range(0,_self.NUMNODE):
    for j in range(0,_self.NUMNODE):
    
     _self.mass[i][j] += N[k][i]*N[k][j]*jacobian[k]*_self.GQWeights[k]/2.0
    
     _self.kxx[i][j] += dNdx[k][i]*dNdx[k][j]*jacobian[k]*_self.GQWeights[k]/2.0
     _self.kxy[i][j] += dNdx[k][i]*dNdy[k][j]*jacobian[k]*_self.GQWeights[k]/2.0
     _self.kyx[i][j] += dNdy[k][i]*dNdx[k][j]*jacobian[k]*_self.GQWeights[k]/2.0
     _self.kyy[i][j] += dNdy[k][i]*dNdy[k][j]*jacobian[k]*_self.GQWeights[k]/2.0
    
     _self.gx[i][j] += dNdx[k][i]*N[k][j]*jacobian[k]*_self.GQWeights[k]/2.0
     _self.gy[i][j] += dNdy[k][i]*N[k][j]*jacobian[k]*_self.GQWeights[k]/2.0
    
     _self.dx[i][j] += dNdx[k][j]*N[k][i]*jacobian[k]*_self.GQWeights[k]/2.0
     _self.dy[i][j] += dNdy[k][j]*N[k][i]*jacobian[k]*_self.GQWeights[k]/2.0
   

 
 def analytic(_self, _e):

  i = _self.IEN[_e][0]
  j = _self.IEN[_e][1]
  k = _self.IEN[_e][2]

  bi = _self.y[j]-_self.y[k]
  bj = _self.y[k]-_self.y[i]
  bk = _self.y[i]-_self.y[j]
  ci = _self.x[k]-_self.x[j]
  cj = _self.x[i]-_self.x[k]
  ck = _self.x[j]-_self.x[i]


  A = 0.5*np.linalg.det(np.array([[1, _self.x[i], _self.y[i]],
 				  [1, _self.x[j], _self.y[j]],
				  [1, _self.x[k], _self.y[k]]]))


  _self.mass = (A/12.)*np.array([[2.,1.,1.],
                                 [1.,2.,1.],
                                 [1.,1.,2.]])

  _self.q = (A/3.)*np.ones([3,1], dtype = float)
  
  _self.gx = (1./6)*np.array([[bi,bj,bk],
                              [bi,bj,bk],
                              [bi,bj,bk]]) 
   
  _self.gy = (1./6)*np.array([[ci,cj,ck],
                              [ci,cj,ck],
                              [ci,cj,ck]])

  _self.kxx = (1./(4*A))*np.array([[bi*bi,bi*bj,bi*bk],
                                   [bj*bi,bj*bj,bj*bk],
                                   [bk*bi,bk*bj,bk*bk]])

  _self.kyy = (1./(4*A))*np.array([[ci*ci,ci*cj,ci*ck],
                                   [cj*ci,cj*cj,cj*ck],
                                   [ck*ci,ck*cj,ck*ck]])

  _self.kxy = (1./(4*A))*np.array([[bi*ci,bi*cj,bi*ck],
                                   [bj*ci,bj*cj,bj*ck],
                                   [bk*ci,bk*cj,bk*ck]])

  _self.kyx = (1./(4*A))*np.array([[ci*bi,ci*bj,ci*bk],
                                   [cj*bi,cj*bj,cj*bk],
                                   [ck*bi,ck*bj,ck*bk]])




 def axisymmetric(_self, _e):
  _self.r = _self.y
  _self.z = _self.x

  i = _self.IEN[_e][0]
  j = _self.IEN[_e][1]
  k = _self.IEN[_e][2]

  bi = _self.z[j] - _self.z[k]
  bj = _self.z[k] - _self.z[i]
  bk = _self.z[i] - _self.z[j]
  ci = _self.r[k] - _self.r[j]
  cj = _self.r[i] - _self.r[k]
  ck = _self.r[j] - _self.r[i]

  A = 0.5*np.linalg.det(np.array([[1, _self.r[i], _self.z[i]],
 				  [1, _self.r[j], _self.z[j]],
				  [1, _self.r[k], _self.z[k]]]))

  r = (_self.r[i] + _self.r[j] + _self.r[k])/3.

  r_vec = np.array([[_self.r[i]],
                    [_self.r[j]],
                    [_self.r[k]]])

  _self.M_elem = (A/12.)*np.array([[2.,1.,1.],
				   [1.,2.,1.],
				   [1.,1.,2.]])

  _self.Q_elem = (2*np.pi)*np.dot(_self.M_elem,r_vec)
  
  _self.Gr_elem = (1./6)*np.array([[bi,bj,bk],
                                   [bi,bj,bk],
                                   [bi,bj,bk]]) 
   
  _self.Gz_elem = (1./6)*np.array([[ci,cj,ck],
                                   [ci,cj,ck],
                                   [ci,cj,ck]])

  _self.Kr_elem = ((2*np.pi*r)/(4*A))*np.array([[bi*bi,bj*bi,bk*bi],
                                                [bi*bj,bj*bj,bk*bj],
                                                [bi*bk,bj*bk,bk*bk]])

  _self.Kz_elem = ((2*np.pi*r)/(4*A))*np.array([[ci*ci,cj*ci,ck*ci],
                                                [ci*cj,cj*cj,ck*cj],
                                                [ci*ck,cj*ck,ck*ck]])








class Linear2D_v2:
 def __init__(_self, _x, _y, _IEN):

  _self.NUMRULE = 4
  _self.NUMGLEC = 3

  _self.x = _x
  _self.y = _y
  _self.IEN = _IEN

  _self.gqPoints = np.array([[0.33333333333333, 0.33333333333333, 0.33333333333333], 
                             [0.60000000000000, 0.20000000000000, 0.20000000000000], 
                             [0.20000000000000, 0.60000000000000, 0.20000000000000], 
                             [0.20000000000000, 0.20000000000000, 0.60000000000000]])

  _self.gqWeights = np.array([[-0.562500000000000], 
                              [0.520833333333333], 
                              [0.520833333333333], 
                              [0.520833333333333]])

  _self.phiJ = np.array([[0.33333333333333, 0.33333333333333, 0.33333333333333], 
                         [0.60000000000000, 0.20000000000000, 0.20000000000000], 
                         [0.20000000000000, 0.60000000000000, 0.20000000000000], 
                         [0.20000000000000, 0.20000000000000, 0.60000000000000]])

  _self.dphiJdl1 = np.array([[1.0, 0.0,-1.0], 
                             [1.0, 0.0,-1.0], 
                             [1.0, 0.0,-1.0], 
                             [1.0, 0.0,-1.0]])

  _self.dphiJdl2 = np.array([[0.0, 1.0,-1.0], 
                             [0.0, 1.0,-1.0], 
                             [0.0, 1.0,-1.0], 
                             [0.0, 1.0,-1.0]])
 

 def numerical(_self,_e):

  _self.mass = np.zeros([_self.NUMGLEC,_self.NUMGLEC], dtype = float)
  _self.kxx = np.zeros([_self.NUMGLEC,_self.NUMGLEC], dtype = float)
  _self.kxy = np.zeros([_self.NUMGLEC,_self.NUMGLEC], dtype = float)
  _self.kyx = np.zeros([_self.NUMGLEC,_self.NUMGLEC], dtype = float)
  _self.kyy = np.zeros([_self.NUMGLEC,_self.NUMGLEC], dtype = float)
  _self.gx = np.zeros([_self.NUMGLEC,_self.NUMGLEC], dtype = float)
  _self.gy = np.zeros([_self.NUMGLEC,_self.NUMGLEC], dtype = float)
  _self.dx = np.zeros([_self.NUMGLEC,_self.NUMGLEC], dtype = float)
  _self.dy = np.zeros([_self.NUMGLEC,_self.NUMGLEC], dtype = float)
  
  localx = np.zeros([_self.NUMRULE,1], dtype = float)
  localy = np.zeros([_self.NUMRULE,1], dtype = float)

  dxdl1 = np.zeros([_self.NUMRULE,1], dtype = float)
  dxdl2 = np.zeros([_self.NUMRULE,1], dtype = float)
  dydl1 = np.zeros([_self.NUMRULE,1], dtype = float)
  dydl2 = np.zeros([_self.NUMRULE,1], dtype = float)

  dphiJdx = np.zeros([_self.NUMRULE,_self.NUMGLEC], dtype = float)
  dphiJdy = np.zeros([_self.NUMRULE,_self.NUMGLEC], dtype = float)
 

  i = _self.IEN[_e][0]
  j = _self.IEN[_e][1]
  k = _self.IEN[_e][2]

  jacobian = np.linalg.det(np.array([[1, _self.x[i], _self.y[i]],
                                     [1, _self.x[j], _self.y[j]],
                                     [1, _self.x[k], _self.y[k]]]))


  for k in range(0,_self.NUMRULE):
   for i in range(0,_self.NUMGLEC):
    v = _self.IEN[_e][i]
    
    localx[k] += _self.x[v]*_self.phiJ[k][i]
    localy[k] += _self.y[v]*_self.phiJ[k][i]

    dxdl1[k] += _self.x[v]*_self.dphiJdl1[k][i]
    dxdl2[k] += _self.x[v]*_self.dphiJdl2[k][i]
    dydl1[k] += _self.y[v]*_self.dphiJdl1[k][i]
    dydl2[k] += _self.y[v]*_self.dphiJdl2[k][i]


  for k in range(0,_self.NUMRULE): 
   for i in range(0,_self.NUMGLEC):
    dphiJdx[k][i] = (1./jacobian)*(+_self.dphiJdl1[k][i]*dydl2[k]\
                                   -_self.dphiJdl2[k][i]*dydl1[k])

    dphiJdy[k][i] = (1./jacobian)*(-_self.dphiJdl1[k][i]*dxdl2[k]\
                                   +_self.dphiJdl2[k][i]*dxdl1[k])

  
  for k in range(0,_self.NUMRULE): 
   for i in range(0,_self.NUMGLEC):
    for j in range(0,_self.NUMGLEC):
     _self.mass[i][j] += 0.5*(_self.phiJ[k][i]*_self.phiJ[k][j]\
                            *jacobian*_self.gqWeights[k])
    
     _self.kxx[i][j] += 0.5*(dphiJdx[k][i]*dphiJdx[k][j]\
                           *jacobian*_self.gqWeights[k])

     _self.kxy[i][j] += 0.5*(dphiJdx[k][i]*dphiJdy[k][j]\
                           *jacobian*_self.gqWeights[k])

     _self.kyx[i][j] += 0.5*(dphiJdy[k][i]*dphiJdx[k][j]\
                           *jacobian*_self.gqWeights[k])

     _self.kyy[i][j] += 0.5*(dphiJdy[k][i]*dphiJdy[k][j]\
                           *jacobian*_self.gqWeights[k])

     _self.gx[i][j] += 0.5*(_self.gqPoints[k][i]*dphiJdx[k][j]\
                          *jacobian*_self.gqWeights[k])

     _self.gy[i][j] += 0.5*(_self.gqPoints[k][i]*dphiJdy[k][j]\
                          *jacobian*_self.gqWeights[k])

     _self.dx[j][i] += 0.5*(-_self.gqPoints[k][j]*dphiJdx[k][i]\
                          *jacobian*_self.gqWeights[k])

     _self.dy[j][i] += 0.5*(-_self.gqPoints[k][j]*dphiJdy[k][i]\
                          *jacobian*_self.gqWeights[k])



 def analytic(_self, _e):

  i = _self.IEN[_e][0]
  j = _self.IEN[_e][1]
  k = _self.IEN[_e][2]

  bi = _self.y[j]-_self.y[k]
  bj = _self.y[k]-_self.y[i]
  bk = _self.y[i]-_self.y[j]
  ci = _self.x[k]-_self.x[j]
  cj = _self.x[i]-_self.x[k]
  ck = _self.x[j]-_self.x[i]


  A = 0.5*np.linalg.det(np.array([[1, _self.x[i], _self.y[i]],
 				  [1, _self.x[j], _self.y[j]],
				  [1, _self.x[k], _self.y[k]]]))


  _self.mass = (A/12.)*np.array([[2.,1.,1.],
                                 [1.,2.,1.],
                                 [1.,1.,2.]])

  _self.q = (A/3.)*np.ones([3,1], dtype = float)
  
  _self.gx = (1./6)*np.array([[bi,bj,bk],
                              [bi,bj,bk],
                              [bi,bj,bk]]) 
   
  _self.gy = (1./6)*np.array([[ci,cj,ck],
                              [ci,cj,ck],
                              [ci,cj,ck]])

  _self.kxx = (1./(4*A))*np.array([[bi*bi,bi*bj,bi*bk],
                                   [bj*bi,bj*bj,bj*bk],
                                   [bk*bi,bk*bj,bk*bk]])

  _self.kyy = (1./(4*A))*np.array([[ci*ci,ci*cj,ci*ck],
                                   [cj*ci,cj*cj,cj*ck],
                                   [ck*ci,ck*cj,ck*ck]])

  _self.kxy = (1./(4*A))*np.array([[bi*ci,bi*cj,bi*ck],
                                   [bj*ci,bj*cj,bj*ck],
                                   [bk*ci,bk*cj,bk*ck]])

  _self.kyx = (1./(4*A))*np.array([[ci*bi,ci*bj,ci*bk],
                                   [cj*bi,cj*bj,cj*bk],
                                   [ck*bi,ck*bj,ck*bk]])


 def axisymmetric(_self, _e):
  _self.r = _self.y
  _self.z = _self.x

  i = _self.IEN[_e][0]
  j = _self.IEN[_e][1]
  k = _self.IEN[_e][2]

  bi = _self.z[j] - _self.z[k]
  bj = _self.z[k] - _self.z[i]
  bk = _self.z[i] - _self.z[j]
  ci = _self.r[k] - _self.r[j]
  cj = _self.r[i] - _self.r[k]
  ck = _self.r[j] - _self.r[i]

  A = 0.5*np.linalg.det(np.array([[1, _self.r[i], _self.z[i]],
 				  [1, _self.r[j], _self.z[j]],
				  [1, _self.r[k], _self.z[k]]]))

  r = (_self.r[i] + _self.r[j] + _self.r[k])/3.

  r_vec = np.array([[_self.r[i]],
                    [_self.r[j]],
                    [_self.r[k]]])

  _self.M_elem = (A/12.)*np.array([[2.,1.,1.],
				   [1.,2.,1.],
				   [1.,1.,2.]])

  _self.Q_elem = (2*np.pi)*np.dot(_self.M_elem,r_vec)
  
  _self.Gr_elem = (1./6)*np.array([[bi,bj,bk],
                                   [bi,bj,bk],
                                   [bi,bj,bk]]) 
   
  _self.Gz_elem = (1./6)*np.array([[ci,cj,ck],
                                   [ci,cj,ck],
                                   [ci,cj,ck]])

  _self.Kr_elem = ((2*np.pi*r)/(4*A))*np.array([[bi*bi,bj*bi,bk*bi],
                                                [bi*bj,bj*bj,bk*bj],
                                                [bi*bk,bj*bk,bk*bk]])

  _self.Kz_elem = ((2*np.pi*r)/(4*A))*np.array([[ci*ci,cj*ci,ck*ci],
                                                [ci*cj,cj*cj,ck*cj],
                                                [ci*ck,cj*ck,ck*ck]])









class Mini:
 def __init__(_self, _x, _y, _IEN):

  _self.NUMRULE = 12
  _self.NUMGLEU = 4 
  _self.NUMGLEP = 3 

  _self.x = _x
  _self.y = _y
  _self.IEN = _IEN

  _self.gqPoints= np.array([[0.873821971016996, 0.063089014491502, 0.063089014491502],
                            [0.063089014491502, 0.873821971016996, 0.063089014491502],
                            [0.063089014491502, 0.063089014491502, 0.873821971016996],
                            [0.501426509658179, 0.249286745170910, 0.249286745170911],
                            [0.249286745170910, 0.501426509658179, 0.249286745170911],
                            [0.249286745170910, 0.249286745170910, 0.50142650965818 ],
                            [0.636502499121399, 0.310352451033785, 0.053145049844816],
                            [0.636502499121399, 0.053145049844816, 0.310352451033785],
                            [0.310352451033785, 0.636502499121399, 0.053145049844816],
                            [0.310352451033785, 0.053145049844816, 0.636502499121399],
                            [0.053145049844816, 0.636502499121399, 0.310352451033785],
                            [0.053145049844816, 0.310352451033785, 0.636502499121399]])

  _self.gqWeights = np.array([[0.050844906370207],
                              [0.050844906370207],
                              [0.050844906370207],
                              [0.116786275726379],
                              [0.116786275726379],
                              [0.116786275726379],
                              [0.082851075618374],
                              [0.082851075618374],
                              [0.082851075618374],
                              [0.082851075618374],
                              [0.082851075618374],
                              [0.082851075618374]])

  _self.phiJ = np.array([[ 0.842519908360035, 0.031786951834541, 0.031786951834541, 0.093906187970883],
                         [ 0.031786951834541, 0.842519908360035, 0.031786951834541, 0.093906187970883],
                         [ 0.031786951834541, 0.031786951834541, 0.842519908360035, 0.093906187970883],
                         [ 0.220981204105529,-0.03115856038174 ,-0.031158560381739, 0.841335916657949],
                         [-0.03115856038174 , 0.220981204105529,-0.031158560381739, 0.841335916657949],
                         [-0.031158560381739,-0.031158560381739, 0.220981204105531, 0.841335916657947],
                         [ 0.542017987859968, 0.215867939772354,-0.041339461416615, 0.283453533784293],
                         [ 0.542017987859968,-0.041339461416615, 0.215867939772354, 0.283453533784293],
                         [ 0.215867939772354, 0.542017987859968,-0.041339461416615, 0.283453533784293],
                         [ 0.215867939772354,-0.041339461416615, 0.542017987859968, 0.283453533784293],
                         [-0.041339461416615, 0.542017987859968, 0.215867939772354, 0.283453533784293],
                         [-0.041339461416615, 0.215867939772354, 0.542017987859968, 0.283453533784293]])

  _self.dphiJdl1 = np.array([[ 1.460335089186776,  4.603350891867764e-01,-0.539664910813224,-1.381005267560329e+00],
                             [ 1.               ,  3.885780586188048e-16,-1.               ,-1.332267629550188e-15],
                             [ 0.539664910813224, -4.603350891867763e-01,-1.460335089186776, 1.381005267560329e+00],
                             [ 1.565695910954718,  5.656959109547176e-01,-0.434304089045282,-1.697087732864153e+00],
                             [ 0.999999999999996, -4.440892098500626e-15,-1.000000000000004, 1.332267629550188e-14],
                             [ 0.434304089045278, -5.656959109547223e-01,-1.565695910954722, 1.697087732864166e+00],
                             [ 2.62941772790624 ,  1.629417727906240e+00, 0.62941772790624 ,-4.888253183718719e+00],
                             [ 1.155999345062549,  1.559993450625485e-01,-0.844000654937452,-4.679980351876453e-01],
                             [ 2.473418382843691,  1.473418382843691e+00, 0.473418382843691,-4.420255148531075e+00],
                             [ 0.844000654937452, -1.559993450625484e-01,-1.155999345062548, 4.679980351876453e-01],
                             [-0.473418382843691, -1.473418382843691e+00,-2.473418382843691, 4.420255148531074e+00],
                             [-0.62941772790624 , -1.629417727906240e+00,-2.62941772790624 , 4.888253183718721e+00]])

  _self.dphiJdl2 = np.array([[ 4.440892098500626e-16, 1.               ,-1.               ,-1.332267629550188e-15],
                             [ 4.603350891867763e-01, 1.460335089186776,-0.539664910813224,-1.381005267560329e+00],
                             [-4.603350891867763e-01, 0.539664910813224,-1.460335089186776, 1.381005267560329e+00],
                             [-4.440892098500626e-15, 0.999999999999996,-1.000000000000004, 1.332267629550188e-14],
                             [ 5.656959109547176e-01, 1.565695910954718,-0.434304089045282,-1.697087732864153e+00],
                             [-5.656959109547223e-01, 0.434304089045278,-1.565695910954722, 1.697087732864166e+00],
                             [ 1.473418382843691e+00, 2.473418382843691, 0.473418382843691,-4.420255148531074e+00],
                             [-1.473418382843691e+00,-0.473418382843691,-2.473418382843691, 4.420255148531074e+00],
                             [ 1.629417727906240e+00, 2.62941772790624 , 0.62941772790624 ,-4.888253183718720e+00],
                             [-1.629417727906240e+00,-0.62941772790624 ,-2.62941772790624 , 4.888253183718721e+00],
                             [ 1.559993450625485e-01, 1.155999345062549,-0.844000654937452,-4.679980351876454e-01],
                             [-1.559993450625484e-01, 0.844000654937452,-1.155999345062548, 4.679980351876453e-01]])

  _self.dgqPointsdl1 = np.array([[1, 0, -1],
                                 [1, 0, -1],
                                 [1, 0, -1],
                                 [1, 0, -1],
                                 [1, 0, -1],
                                 [1, 0, -1],
                                 [1, 0, -1],
                                 [1, 0, -1],
                                 [1, 0, -1],
                                 [1, 0, -1],
                                 [1, 0, -1],
                                 [1, 0, -1]])

  _self.dgqPointsdl2 = np.array([[0, 1, -1],
                                 [0, 1, -1],
                                 [0, 1, -1],
                                 [0, 1, -1],
                                 [0, 1, -1],
                                 [0, 1, -1],
                                 [0, 1, -1],
                                 [0, 1, -1],
                                 [0, 1, -1],
                                 [0, 1, -1],
                                 [0, 1, -1],
                                 [0, 1, -1]])





 def numerical(_self,_e):

  _self.mass = np.zeros([_self.NUMGLEU,_self.NUMGLEU], dtype = float)
  _self.kxx = np.zeros([_self.NUMGLEU,_self.NUMGLEU], dtype = float)
  _self.kxy = np.zeros([_self.NUMGLEU,_self.NUMGLEU], dtype = float)
  _self.kyx = np.zeros([_self.NUMGLEU,_self.NUMGLEU], dtype = float)
  _self.kyy = np.zeros([_self.NUMGLEU,_self.NUMGLEU], dtype = float)
  _self.gx = np.zeros([_self.NUMGLEU,_self.NUMGLEP], dtype = float)
  _self.gy = np.zeros([_self.NUMGLEU,_self.NUMGLEP], dtype = float)
  _self.dx = np.zeros([_self.NUMGLEP,_self.NUMGLEU], dtype = float)
  _self.dy = np.zeros([_self.NUMGLEP,_self.NUMGLEU], dtype = float)
  
  localx = np.zeros([_self.NUMRULE,1], dtype = float)
  localy = np.zeros([_self.NUMRULE,1], dtype = float)

  dxdl1 = np.zeros([_self.NUMRULE,1], dtype = float)
  dxdl2 = np.zeros([_self.NUMRULE,1], dtype = float)
  dydl1 = np.zeros([_self.NUMRULE,1], dtype = float)
  dydl2 = np.zeros([_self.NUMRULE,1], dtype = float)

  dphiJdx = np.zeros([_self.NUMRULE,_self.NUMGLEU], dtype = float)
  dphiJdy = np.zeros([_self.NUMRULE,_self.NUMGLEU], dtype = float)
 

  i = _self.IEN[_e][0]
  j = _self.IEN[_e][1]
  k = _self.IEN[_e][2]

  jacobian = np.linalg.det(np.array([[1, _self.x[i], _self.y[i]],
                                     [1, _self.x[j], _self.y[j]],
                                     [1, _self.x[k], _self.y[k]]]))


  for k in range(0,_self.NUMRULE):
   for i in range(0,_self.NUMGLEU):
    v = _self.IEN[_e][i]
    
    localx[k] += _self.x[v]*_self.phiJ[k][i]
    localy[k] += _self.y[v]*_self.phiJ[k][i]

    dxdl1[k] += _self.x[v]*_self.dphiJdl1[k][i]
    dxdl2[k] += _self.x[v]*_self.dphiJdl2[k][i]
    dydl1[k] += _self.y[v]*_self.dphiJdl1[k][i]
    dydl2[k] += _self.y[v]*_self.dphiJdl2[k][i]


  for k in range(0,_self.NUMRULE): 
   for i in range(0,_self.NUMGLEU):
    dphiJdx[k][i] = (1./jacobian)*(+_self.dphiJdl1[k][i]*dydl2[k]\
                                   -_self.dphiJdl2[k][i]*dydl1[k])

    dphiJdy[k][i] = (1./jacobian)*(-_self.dphiJdl1[k][i]*dxdl2[k]\
                                   +_self.dphiJdl2[k][i]*dxdl1[k])

  
  for k in range(0,_self.NUMRULE): 
   for i in range(0,_self.NUMGLEU):
    for j in range(0,_self.NUMGLEU):
     _self.mass[i][j] += 0.5*(_self.phiJ[k][i]*_self.phiJ[k][j]\
                            *jacobian*_self.gqWeights[k])
    
     _self.kxx[i][j] += 0.5*(dphiJdx[k][i]*dphiJdx[k][j]\
                           *jacobian*_self.gqWeights[k])
     
     _self.kxy[i][j] += 0.5*(dphiJdx[k][i]*dphiJdy[k][j]\
                           *jacobian*_self.gqWeights[k])

     _self.kyx[i][j] += 0.5*(dphiJdy[k][i]*dphiJdx[k][j]\
                           *jacobian*_self.gqWeights[k])

     _self.kyy[i][j] += 0.5*(dphiJdy[k][i]*dphiJdy[k][j]\
                           *jacobian*_self.gqWeights[k])
    
    for j in range(0,_self.NUMGLEP):
     _self.gx[i][j] += 0.5*(-_self.gqPoints[k][j]*dphiJdx[k][i]\
                          *jacobian*_self.gqWeights[k])

     _self.gy[i][j] += 0.5*(-_self.gqPoints[k][j]*dphiJdy[k][i]\
                          *jacobian*_self.gqWeights[k])

     _self.dx[j][i] += 0.5*(-_self.gqPoints[k][j]*dphiJdx[k][i]\
                          *jacobian*_self.gqWeights[k])

     _self.dy[j][i] += 0.5*(-_self.gqPoints[k][j]*dphiJdy[k][i]\
                          *jacobian*_self.gqWeights[k])

class Quad:
 def __init__(_self, _x, _y, _IEN):

  _self.NUMRULE = 12
  _self.NUMGLEU = 6 
  _self.NUMGLEP = 3 

  _self.x = _x
  _self.y = _y
  _self.IEN = _IEN

  _self.gqPoints = np.array([[0.249286745171, 0.249286745171, 0.501426509658 ],
                             [0.249286745171, 0.501426509658, 0.249286745171 ],
                             [0.501426509658, 0.249286745171, 0.249286745171 ],
                             [0.063089014492, 0.063089014492, 0.873821971017 ],
                             [0.063089014492, 0.873821971017, 0.063089014491 ],
                             [0.873821971017, 0.063089014492, 0.063089014491 ],
                             [0.310352451034, 0.636502499121, 0.053145049845 ],
                             [0.636502499121, 0.053145049845, 0.310352451034 ],
                             [0.053145049845, 0.310352451034, 0.636502499121 ],
                             [0.636502499121, 0.310352451034, 0.053145049845 ],
                             [0.310352451034, 0.053145049845, 0.636502499121 ],
                             [0.053145049845, 0.636502499121, 0.310352451034 ]])

  _self.gqWeights = np.array([[0.116786275726],
                              [0.116786275726],
                              [0.116786275726],
                              [0.050844906370],
                              [0.050844906370],
                              [0.050844906370],
                              [0.082851075618],
                              [0.082851075618],
                              [0.082851075618],
                              [0.082851075618],
                              [0.082851075618],
                              [0.082851075618]])

  _self.phiJ = np.array([[-0.124998982535, -0.124998982535, 0.001430579518, 0.248575525272, 0.499995930140, 0.499995930140 ],
                         [-0.124998982535, 0.001430579518, -0.124998982535, 0.499995930140, 0.499995930140, 0.248575525272 ],
                         [0.001430579518, -0.124998982535, -0.124998982535, 0.499995930140, 0.248575525272, 0.499995930140 ],
                         [-0.055128566992, -0.055128566992, 0.653307703047, 0.015920894998, 0.220514267970, 0.220514267970 ],
                         [-0.055128566992, 0.653307703047, -0.055128566992, 0.220514267970, 0.220514267970, 0.015920894998 ],
                         [0.653307703047, -0.055128566992, -0.055128566992, 0.220514267970, 0.015920894998, 0.220514267970 ],
                         [-0.117715163308, 0.173768363654, -0.047496257199, 0.790160442766, 0.135307828169, 0.065974785919 ],
                         [0.173768363654, -0.047496257199, -0.117715163308, 0.135307828169, 0.065974785919, 0.790160442766 ],
                         [-0.047496257199, -0.117715163308, 0.173768363654, 0.065974785919, 0.790160442766, 0.135307828169 ],
                         [0.173768363654, -0.117715163308, -0.047496257199, 0.790160442766, 0.065974785919, 0.135307828169 ],
                         [-0.117715163308, -0.047496257199, 0.173768363654, 0.065974785919, 0.135307828169, 0.790160442766 ],
                         [-0.047496257199, 0.173768363654, -0.117715163308, 0.135307828169, 0.790160442766, 0.065974785919 ]])



  _self.dphiJdl1 = np.array([[-0.002853019316, 0.000000000000, -1.005706038632, 0.997146980684, -0.997146980684, 1.008559057948 ],
                             [-0.002853019316, 0.000000000000, 0.002853019316, 2.005706038632, -2.005706038632, 0.000000000000 ],
                             [1.005706038632, 0.000000000000, 0.002853019316, 0.997146980684,  -0.997146980684, -1.008559057948 ],
                             [-0.747643942034, 0.000000000000, -2.495287884068, 0.252356057966, -0.252356057966, 3.242931826102 ],
                             [-0.747643942034, 0.000000000000, 0.747643942034, 3.495287884068,  -3.495287884068, -0.000000000000 ],
                             [2.495287884068, 0.000000000000, 0.747643942034, 0.252356057966, -0.252356057966, -3.242931826102 ],
                             [0.241409804136, 0.000000000000, 0.787419800620, 2.546009996484, -2.546009996484, -1.028829604756 ],
                             [1.546009996484, 0.000000000000, -0.241409804137, 0.212580199379, -0.212580199379, -1.304600192347 ],
                             [-0.787419800621, 0.000000000000, -1.546009996485, 1.241409804136, -1.241409804136, 2.333429797106 ],
                             [1.546009996484, 0.000000000000, 0.787419800620, 1.241409804136, -1.241409804136, -2.333429797104 ],
                             [0.241409804136, 0.000000000000, -1.546009996485, 0.212580199379, -0.212580199379, 1.304600192349 ],
                             [-0.787419800621, 0.000000000000, -0.241409804137, 2.546009996484, -2.546009996484, 1.028829604758 ]])


  _self.dphiJdl2 = np.array([[0.000000000000, -0.002853019316, -1.005706038632, 0.997146980684, 1.008559057948, -0.997146980684 ],
                             [0.000000000000, 1.005706038632, 0.002853019316, 0.997146980684, -1.008559057948, -0.997146980684 ],
                             [0.000000000000, -0.002853019316, 0.002853019316, 2.005706038632, -0.000000000000, -2.005706038632 ],
                             [0.000000000000, -0.747643942034, -2.495287884068, 0.252356057966, 3.242931826102, -0.252356057966 ],
                             [0.000000000000, 2.495287884068, 0.747643942034, 0.252356057966, -3.242931826102, -0.252356057966 ],
                             [0.000000000000, -0.747643942034, 0.747643942034, 3.495287884068, -0.000000000000, -3.495287884068 ],
                             [0.000000000000, 1.546009996484, 0.787419800620, 1.241409804136, -2.333429797104, -1.241409804136 ],
                             [0.000000000000, -0.787419800621, -0.241409804137, 2.546009996484, 1.028829604758, -2.546009996484 ],
                             [0.000000000000, 0.241409804136, -1.546009996485, 0.212580199379, 1.304600192349, -0.212580199379 ],
                             [0.000000000000, 0.241409804136, 0.787419800620, 2.546009996484, -1.028829604756, -2.546009996484 ],
                             [0.000000000000, -0.787419800621, -1.546009996485, 1.241409804136, 2.333429797106, -1.241409804136 ],
                             [0.000000000000, 1.546009996484, -0.241409804137, 0.212580199379, -1.304600192347, -0.212580199379 ]])



  _self.dgqPointsdl1 = np.array([[1, 0, -1],
                                 [1, 0, -1],
                                 [1, 0, -1],
                                 [1, 0, -1],
                                 [1, 0, -1],
                                 [1, 0, -1],
                                 [1, 0, -1],
                                 [1, 0, -1],
                                 [1, 0, -1],
                                 [1, 0, -1],
                                 [1, 0, -1],
                                 [1, 0, -1]])

  _self.dgqPointsdl2 = np.array([[0, 1, -1],
                                 [0, 1, -1],
                                 [0, 1, -1],
                                 [0, 1, -1],
                                 [0, 1, -1],
                                 [0, 1, -1],
                                 [0, 1, -1],
                                 [0, 1, -1],
                                 [0, 1, -1],
                                 [0, 1, -1],
                                 [0, 1, -1],
                                 [0, 1, -1]])

 
 def numerical(_self,_e):

  _self.mass = np.zeros([_self.NUMGLEU,_self.NUMGLEU], dtype = float)
  _self.kxx = np.zeros([_self.NUMGLEU,_self.NUMGLEU], dtype = float)
  _self.kxy = np.zeros([_self.NUMGLEU,_self.NUMGLEU], dtype = float)
  _self.kyx = np.zeros([_self.NUMGLEU,_self.NUMGLEU], dtype = float)
  _self.kyy = np.zeros([_self.NUMGLEU,_self.NUMGLEU], dtype = float)
  _self.gx = np.zeros([_self.NUMGLEU,_self.NUMGLEP], dtype = float)
  _self.gy = np.zeros([_self.NUMGLEU,_self.NUMGLEP], dtype = float)
  _self.dx = np.zeros([_self.NUMGLEP,_self.NUMGLEU], dtype = float)
  _self.dy = np.zeros([_self.NUMGLEP,_self.NUMGLEU], dtype = float)
  
  localx = np.zeros([_self.NUMRULE,1], dtype = float)
  localy = np.zeros([_self.NUMRULE,1], dtype = float)

  dxdl1 = np.zeros([_self.NUMRULE,1], dtype = float)
  dxdl2 = np.zeros([_self.NUMRULE,1], dtype = float)
  dydl1 = np.zeros([_self.NUMRULE,1], dtype = float)
  dydl2 = np.zeros([_self.NUMRULE,1], dtype = float)

  dphiJdx = np.zeros([_self.NUMRULE,_self.NUMGLEU], dtype = float)
  dphiJdy = np.zeros([_self.NUMRULE,_self.NUMGLEU], dtype = float)
 

  i = _self.IEN[_e][0]
  j = _self.IEN[_e][1]
  k = _self.IEN[_e][2]

  jacobian = np.linalg.det(np.array([[1, _self.x[i], _self.y[i]],
                                     [1, _self.x[j], _self.y[j]],
